3811
3811
3812
3813
3813
3814
3814
3814
3814
3814
3814
3815
3815
3815
3816
3816
3817
3817
3817
3817
3818
3818
3819
3819
3819
3819
3820
3820
3820
3820
3820
3820
3820
3821
3821
3821
3821
3821
3822
3822
3822
3823
3823
3823
3823
3823
3824
3825
3825
3825
3826
3827
3827
3827
3827
3828
3828
3828
3828
3829
3829
3829
3829
3830
3831
3831
3832
3833
3833
3833
3833
3833
3834
3834
3835
3835
3835
3835
3835
3836
3836
3836
3836
3836
3836
3837
3837
3838
3838
3839
3839
3840
3840
3840
3841
3841
3842
3842
3842
3843
3844
3780
3140
3140
2348
1549
1551
1552
1553
1555
1302
1302
1303
1304
1307
1308
1309
1310
1312
1314
1315
1326
1330
1336
1338
1350
1297
1302
1319
1323
1328
1333
1339
1340
1346
1289
1303
1312
1331
1342
1345
1292
1295
1307
1316
1323
1330
1342
1351
1293
1306
1318
1340
1297
1324
1341
1299
1331
1354
1301
1311
1330
1340
1306
1316
1329
1351
1305
1314
1317
1319
1322
1323
1324
1327
1329
1332
1334
1338
1340
1341
1342
1344
1346
1347
1348
1350
1351
1352
1354
1292
1293
1294
1295
1297
1298
1299
1300
1303
1304
1306
1308
1310
1313
1313
1318
1319
1323
1323
1328
1331
1333
1333
1336
1337
1338
1339
1340
1342
1343
1344
1346
1347
1349
1349
1351
1353
1355
1292
1294
1296
1298
1300
1302
1303
1305
1305
1307
1309
1311
1311
1313
1314
1317
1317
1318
1320
1321
1322
1323
1326
1327
1328
1329
1331
1333
1334
1335
1337
1338
1339
1340
1343
1344
1345
1346
1348
1349
1350
1352
1354
1292
1293
1294
1297
1298
1299
1300
1302
1303
1304
1306
1308
1309
1310
1311
1314
1315
1317
1318
1320
1322
1323
1324
1327
1328
1329
1331
1333
1335
1336
1337
1339
1340
1341
1343
1345
1346
1347
1349
1351
1352
1354
1355
1293
1294
1295
1296
1298
1299
1301
1302
1304
1306
1307
1309
1311
1313
1314
1315
1317
1318
1320
1321
1323
1324
1325
1326
1328
1329
1330
1331
1333
1334
1335
1337
1339
1341
1342
1343
1345
1346
1348
1349
1351
1352
1353
1355
1293
1294
1296
1297
1299
1300
1301
1302
1304
1306
1307
1309
1311
1312
1314
1315
1317
1318
1319
1320
1323
1324
1325
1327
1329
1330
1331
1332
1335
1336
1338
1339
1341
1343
1351
1310
1318
1326
1356
1313
1334
1347
1296
1303
1311
1329
1351
1354
1357
1297
1311
1332
1354
1305
1331
1357
1311
1326
1351
1310
1336
1295
1319
1334
1343
1345
1346
1352
1301
1321
1334
1348
1300
1306
1312
1318
1328
1337
1340
1346
1355
1355
1300
1305
1313
1313
1316
1328
1328
1329
1337
1347
1352
1301
1308
1310
1311
1313
1313
1322
1331
1332
1339
1342
1349
1359
1360
1361
1315
1338
1354
1302
1306
1315
1325
1335
1350
1302
1320
1335
1348
1352
1353
1355
1357
1358
1359
1361
1371
1375
1376
1377
1383
1384
1389
1398
1414
1423
1433
1438
1444
1449
1455
1462
1464
1469
1485
1488
1490
1492
1501
1511
1529
1539
1553
1564
1574
1591
1615
1635
1654
1656
1658
1664
1674
1678
1703
1728
1738
1752
1765
1766
1769
1781
1799
1804
1807
1807
1808
1810
1813
1814
1815
1816
1817
1818
1819
1819
1821
1822
1823
1824
1825
1827
1828
1829
1837
1846
1848
1856
1864
1871
1877
1884
1892
1898
1907
1919
1930
1940
1948
1951
1954
1960
1962
1964
1966
1967
1972
1975
1977
1983
1989
1996
2002
2002
2005
2006
2008
2009
2011
2012
2014
2016
2017
2018
2022
2028
2036
2042
2049
2054
2056
2056
2058
2059
2061
2062
2064
2065
2067
2068
2069
2071
2073
2079
2085
2091
2094
2095
2096
2098
2099
2101
2102
2104
2104
2106
2111
2117
2122
2128
2134
2136
2137
2139
2141
2142
2142
2144
2145
2152
2157
2167
2172
2180
2197
2211
2222
2229
2240
2247
2250
2252
2258
2260
2262
2264
2269
2271
2277
2282
2292
2295
2301
2308
2314
2319
2325
2332
2335
2337
2338
2339
2340
2342
2343
2344
2346
2347
2351
2355
2362
2367
2373
2375
2376
2380
2384
2385
2386
2387
2389
2390
2391
2392
2393
2395
2395
2396
2399
2409
2423
2435
2449
2456
2459
2467
2223
2233
2246
2254
2257
2257
2259
2264
2269
2272
2276
2276
2277
2281
2286
2296
2303
2315
2321
2327
2334
2337
2339
2340
2342
2343
2344
2346
2347
2352
2357
2363
2369
2375
2375
2377
2378
2380
2380
2385
2389
2390
2390
2391
2393
2394
2395
2396
2397
2399
2402
2406
2411
2415
2419
2420
2421
2422
2423
2424
2425
2426
2427
2429
2430
2431
2432
2433
2434
2438
2439
2439
2441
2442
2443
2444
2445
2446
2446
2448
2449
2450
2451
2454
2458
2459
2460
2462
2463
2464
2464
2466
2467
2468
2469
2470
2472
2472
2473
2474
2475
2476
2478
2478
2480
2480
2481
2482
2483
2485
2485
2486
2488
2489
2490
2491
2492
2493
2494
2495
2497
2497
2498
2499
2501
2502
2503
2504
2506
2506
2507
2508
2509
2510
2512
2513
2514
2515
2516
2517
2519
2519
2520
2521
2523
2523
2524
2525
2531
2533
2534
2535
2537
2541
2543
2543
2548
2549
2550
2551
2552
2553
2555
2556
2558
2558
2560
2560
2562
2562
2564
2565
2566
2567
2568
2569
2571
2572
2573
2573
2576
2576
2577
2578
2580
2581
2582
2583
2585
2585
2586
2587
2589
2590
2591
2592
2593
2594
2595
2596
2597
2599
2600
2600
2602
2603
2604
2605
2606
2607
2608
2609
2611
2612
2613
2614
2615
2616
2618
2618
2620
2621
2622
2623
2625
2625
2627
2628
2630
2630
2631
2632
2633
2634
2636
2637
2638
2639
2640
2641
2643
2644
2645
2646
2647
2648
2648
2650
2651
2652
2653
2655
2656
2657
2657
2659
2660
2662
2662
2664
2665
2666
2667
2668
2669
2670
2671
2672
2673
2674
2674
2676
2677
2679
2679
2680
2682
2683
2684
2685
2686
2687
2688
2689
2690
2692
2692
2694
2695
2696
2697
2698
2699
2701
2702
2702
2704
2705
2706
2707
2709
2710
2711
2711
2713
2713
2715
2715
2717
2718
2719
2720
2722
2723
2724
2725
2726
2728
2729
2730
2731
2732
2733
2734
2735
2735
2736
2737
2739
2739
2740
2741
2742
2743
2744
2745
2746
2746
2747
2748
2749
2749
2751
2751
2752
2753
2754
2755
2756
2756
2757
2758
2760
2760
2761
2761
2763
2763
2764
2765
2766
2767
2768
2769
2770
2771
2772
2773
2773
2780
2785
2787
2788
2789
2789
2790
2792
2793
2796
2798
2800
2800
2801
2805
2806
2807
2811
2814
2818
2820
2826
2829
2834
2834
2837
2837
2838
2838
2839
2840
2843
2848
2851
2855
2857
2861
2869
2873
2877
2877
2882
2888
2893
2898
2903
2907
2910
2913
2914
2916
2918
2918
2919
2919
2920
2921
2921
2925
2925
2926
2928
2931
2933
2934
2939
2945
2949
2957
2961
2968
2973
2979
2986
2990
2999
3000
3006
3010
3011
3012
3013
3013
3015
3015
3020
3021
3025
3028
3029
3033
3039
3044
3047
3051
3057
3058
3059
3059
3063
3063
3064
3064
3065
3068
3070
3071
3075
3077
3077
3078
3078
3079
3079
3079
3080
3080
3080
3081
3081
3082
3082
3084
3086
3087
3087
3088
3093
3094
3097
3097
3100
3103
3107
3112
3115
3118
3121
3124
3125
3128
3132
3134
3138
3140
3142
3142
3143
3143
3144
3144
3145
3146
3147
3149
3151
3152
3152
3153
3154
3154
3155
3156
3158
3158
3159
3159
3160
3161
3161
3162
3163
3163
3163
3165
3165
3166
3166
3167
3168
3168
3169
3170
3176
3179
3182
3185
3186
3189
3196
3198
3202
3205
3210
3219
3223
3226
3227
3232
3235
3237
3239
3239
3239
3240
3242
3248
3251
3254
3260
3266
